000000010, 01001300;
000000100, 00005F00;
000000110, 40003800;
000000111, 41000A00;
000001000, 09005F00;
000001010, 49001300;
000001100, 48005F00;
000001110, 08003800;
000001111, 09000A00;
000010000, 01001300;
000010010, 01001300;
000010100, 00005F00;
000010110, 40003800;
000010111, 41000A00;
000011000, 41000A00;
000011010, 01001300;
000011100, 00005F00;
000011110, 40003800;
000011111, 41000A00;
000100000, 00005F00;
000100010, 01001300;
000100100, 00005F00;
000100110, 40003800;
000100111, 41000A00;
000111000, 40003800;
000111010, 01001300;
000111100, 00005F00;
000111110, 40003800;
000111111, 41000A00;
001000010, 01001300;
001000100, 00005F00;
001000110, 40003800;
001000111, 41000A00;
001001000, 09005F00;
001001010, 41005F00;
001001100, 41005F00;
001001110, 41005F00;
001001111, 41005F00;
001010000, 01001300;
001010010, 01001300;
001010100, 01001300;
001010110, 01001300;
001010111, 01001300;
001011000, 41000A00;
001011010, 41000A00;
001011100, 41000A00;
001011110, 41000A00;
001011111, 41000A00;
001100000, 00005F00;
001100010, 00005F00;
001100100, 00005F00;
001100110, 00005F00;
001100111, 00005F00;
001111000, 40003800;
001111010, 40003800;
001111100, 40003800;
001111110, 40003800;
001111111, 40003800;
010000000, 40003800;
010000010, 01001300;
010000100, 00005F00;
010000110, 40003800;
010000111, 41000A00;
010001000, 41005F00;
010001010, 01001300;
010001100, 00005F00;
010001110, 40003800;
010001111, 41000A00;
010010000, 01001300;
010010010, 01001300;
010010100, 00005F00;
010010110, 40003800;
010010111, 41000A00;
010011000, 41000A00;
010011010, 01001300;
010011100, 00005F00;
010011110, 40003800;
010011111, 41000A00;
010100000, 00005F00;
010100010, 01001300;
010100100, 00005F00;
010100110, 40003800;
010100111, 41000A00;
010111000, 40003800;
010111010, 01001300;
010111100, 00005F00;
010111110, 40003800;
010111111, 41000A00;
011000000, 40003800;
011000010, 40003800;
011000100, 40003800;
011000110, 40003800;
011000111, 40003800;
011001000, 08003800;
011001010, 40003800;
011001100, 40003800;
011001110, 40003800;
011001111, 40003800;
011010000, 40003800;
011010010, 40003800;
011010100, 40003800;
011010110, 40003800;
011010111, 40003800;
011011000, 40003800;
011011010, 40003800;
011011100, 40003800;
011011110, 40003800;
011011111, 40003800;
011100000, 40003800;
011100010, 40003800;
011100100, 40003800;
011100110, 40003800;
011100111, 40003800;
011111000, 40003800;
011111010, 40003800;
011111100, 40003800;
011111110, 40003800;
011111111, 40003800;
