000000010, 0E001300;
000000100, 4D003500;
000000110, 4D002700;
000000111, 06000A00;
000001000, 4E006A00;
000001010, 0E001300;
000001100, 4D003500;
000001110, 4D002700;
000001111, 4E000A00;
000010000, 0E001300;
000010010, 0E001300;
000010100, 4D003500;
000010110, 4D002700;
000010111, 4E000A00;
000011000, 06000A00;
000011010, 46001300;
000011100, 05003500;
000011110, 05002700;
000011111, 06000A00;
000100000, 4D003500;
000100010, 0E001300;
000100100, 4D003500;
000100110, 4D002700;
000100111, 4E000A00;
000111000, 4D002700;
000111010, 0E001300;
000111100, 4D003500;
000111110, 4D002700;
000111111, 4E000A00;
001000010, 0E001300;
001000100, 4D003500;
001000110, 4D002700;
001000111, 06000A00;
001001000, 4E006A00;
001001010, 4E006A00;
001001100, 4E006A00;
001001110, 4E006A00;
001001111, 06006A00;
001010000, 0E001300;
001010010, 0E001300;
001010100, 0E001300;
001010110, 0E001300;
001010111, 46001300;
001011000, 06000A00;
001011010, 4E000A00;
001011100, 4E000A00;
001011110, 4E000A00;
001011111, 06000A00;
001100000, 4D003500;
001100010, 4D003500;
001100100, 4D003500;
001100110, 4D003500;
001100111, 05003500;
001111000, 4D002700;
001111010, 4D002700;
001111100, 4D002700;
001111110, 4D002700;
001111111, 05002700;
010000000, 4D002700;
010000010, 0E001300;
010000100, 4D003500;
010000110, 4D002700;
010000111, 4E000A00;
010001000, 4E006A00;
010001010, 0E001300;
010001100, 4D003500;
010001110, 4D002700;
010001111, 4E000A00;
010010000, 0E001300;
010010010, 0E001300;
010010100, 4D003500;
010010110, 4D002700;
010010111, 4E000A00;
010011000, 4E000A00;
010011010, 0E001300;
010011100, 4D003500;
010011110, 4D002700;
010011111, 4E000A00;
010100000, 4D003500;
010100010, 0E001300;
010100100, 4D003500;
010100110, 4D002700;
010100111, 4E000A00;
010111000, 4D002700;
010111010, 0E001300;
010111100, 4D003500;
010111110, 4D002700;
010111111, 4E000A00;
011000000, 4D002700;
011000010, 4D002700;
011000100, 4D002700;
011000110, 4D002700;
011000111, 05002700;
011001000, 4D002700;
011001010, 4D002700;
011001100, 4D002700;
011001110, 4D002700;
011001111, 05002700;
011010000, 4D002700;
011010010, 4D002700;
011010100, 4D002700;
011010110, 4D002700;
011010111, 05002700;
011011000, 05002700;
011011010, 4D002700;
011011100, 4D002700;
011011110, 4D002700;
011011111, 05002700;
011100000, 4D002700;
011100010, 4D002700;
011100100, 4D002700;
011100110, 4D002700;
011100111, 05002700;
011111000, 4D002700;
011111010, 4D002700;
011111100, 4D002700;
011111110, 4D002700;
011111111, 05002700;