000001000,0800000a; 
000010000,08000055; 
000011000,3000000a; 
000101000,0800000a; 
000111000,3800000a; 
001001000,0800000a; 
001010000,08000055; 
001011000,08000055; 
001101000,04000047; 
001111000,00000042; 
010001111,01000042; 
010001110,09000055; 
010001100,09000055; 
010010111,01000042; 
010010110,09000055; 
010010100,09000055; 
010011111,31000042; 
010011110,39000055; 
010011100,39000055; 
010101111,01000042; 
010101110,09000055; 
010101100,09000055; 
010111111,31000042; 
010111110,39000055; 
010111100,39000055; 
011001111,3900000a; 
011001110,3900000a; 
011001100,3900000a; 
011010111,39000055; 
011010110,39000055; 
011010100,39000055; 
011011111,39000055; 
011011110,39000055; 
011011100,39000055; 
011101111,35000047; 
011101110,35000047; 
011101100,35000047; 
011111111,31000042; 
011111110,31000042; 
011111100,31000042; 
010000111,01000042; 
010000110,09000055; 
010000100,09000055; 
011000111,3500004f; 
011000110,3500004f; 
011000100,3500004f; 
100001000,08000035; 
100010000,0800004a; 
100011000,0800004a; 
100101000,08000045; 
100111000,0800003f; 
101001000,04000047; 
101010000,04000047; 
101011000,04000047; 
101101000,04000047; 
101111000,04000047; 
110001111,01000042; 
110001110,09000055; 
110001100,09000055; 
110010111,01000042; 
110010110,09000055; 
110010100,09000055; 
110011111,01000042; 
110011110,09000055; 
110011100,09000055; 
110101111,01000042; 
110101110,09000055; 
110101100,09000055; 
110111111,01000042; 
110111110,09000055; 
110111100,09000055; 
111001111,35000047; 
111001110,35000047; 
111001100,35000047; 
111010111,35000047; 
111010110,35000047; 
111010100,35000047; 
111011111,35000047; 
111011110,35000047; 
111011100,35000047; 
111101111,35000047; 
111101110,35000047; 
111101100,35000047; 
111111111,35000047; 
111111110,35000047; 
111111100,35000047; 
110000111,01000042; 
110000110,09000055; 
110000100,09000055; 
111000111,35000047; 
111000110,35000047; 
111000100,35000047; 
100000000,0800000a; 
101000000,04000047; 
                      
                      
        










